calibration_date: '2026-07-18 15:14:41'
camera_name: imx219
image_width: 1280
image_height: 960
distortion_model: equidistant
camera_model: fisheye
board_type: charuco
board_width: 11
board_height: 8
square_size: 0.022
marker_size: 0.016
aruco_dict: DICT_4X4_50
num_calibration_frames: 26
num_captured_frames: 36
dropped_outliers: 5
dropped_illcond: 5
reprojection_error: 0.47149923838836194
camera_matrix:
  rows: 3
  cols: 3
  data:
  - 1117.769699719681
  - 0.0
  - 670.8524582219942
  - 0.0
  - 1117.4656578480956
  - 543.0027882098539
  - 0.0
  - 0.0
  - 1.0
distortion_coefficients:
  rows: 1
  cols: 4
  data:
  - 0.0634829340921618
  - -0.1866139488631467
  - 0.12010035034435189
  - 0.23397161280176268
rectification_matrix:
  rows: 3
  cols: 3
  data:
  - 1.0
  - 0.0
  - 0.0
  - 0.0
  - 1.0
  - 0.0
  - 0.0
  - 0.0
  - 1.0
projection_matrix:
  rows: 3
  cols: 4
  data:
  - 1117.769699719681
  - 0.0
  - 670.8524582219942
  - 0.0
  - 0.0
  - 1117.4656578480956
  - 543.0027882098539
  - 0.0
  - 0.0
  - 0.0
  - 1.0
  - 0.0
