calibration_date: '2026-07-20 17:05:56'
camera_name: imx219
image_width: 1280
image_height: 960
distortion_model: equidistant
camera_model: fisheye
board_type: charuco
board_width: 11
board_height: 8
square_size: 0.022
marker_size: 0.016
aruco_dict: DICT_4X4_50
num_calibration_frames: 26
num_captured_frames: 27
dropped_outliers: 0
dropped_illcond: 1
reprojection_error: 0.2995796492483219
camera_matrix:
  rows: 3
  cols: 3
  data:
  - 1118.8944517044656
  - 0.0
  - 624.1968639661462
  - 0.0
  - 1120.1871265976795
  - 415.3809878233824
  - 0.0
  - 0.0
  - 1.0
distortion_coefficients:
  rows: 1
  cols: 4
  data:
  - 0.06929433395406337
  - -0.3044898451099557
  - 0.7273040906652918
  - -0.6981876043857907
rectification_matrix:
  rows: 3
  cols: 3
  data:
  - 1.0
  - 0.0
  - 0.0
  - 0.0
  - 1.0
  - 0.0
  - 0.0
  - 0.0
  - 1.0
projection_matrix:
  rows: 3
  cols: 4
  data:
  - 1118.8944517044656
  - 0.0
  - 624.1968639661462
  - 0.0
  - 0.0
  - 1120.1871265976795
  - 415.3809878233824
  - 0.0
  - 0.0
  - 0.0
  - 1.0
  - 0.0